tree
version=v4
num_class=3
num_tree_per_iteration=3
label_index=0
max_feature_idx=48
objective=multiclass num_class:3
feature_names=lt_Draw_H lt_Win_H lt_FTG_mean_H lt_FTG_std_H lt_FTG_rival_mean_H lt_FTG_rival_std_H lt_Draw_A lt_Win_A lt_FTG_mean_A lt_FTG_std_A lt_FTG_rival_mean_A lt_FTG_rival_std_A st_Draw_H st_Win_H st_FTG_mean_H st_FTG_std_H st_FTG_rival_mean_H st_FTG_rival_std_H st_Draw_A st_Win_A st_FTG_mean_A st_FTG_std_A st_FTG_rival_mean_A st_FTG_rival_std_A rate_home rate_away pagerank_H pagerank_A top1_H top2_H top3_H top4_H top5_H down1_H down2_H down3_H down4_H down5_H top1_A top2_A top3_A top4_A top5_A down1_A down2_A down3_A down4_A down5_A rounds
feature_infos=[0:0.88888888888888884] [0:1] [0:3.6578947368421053] [0:2.6076809620810595] [0:2.8333333333333335] [0:2.370453040886408] [0:0.8571428571428571] [0:0.8529411764705882] [0:2.8333333333333335] [0:2.3452078799117149] [0.20000000000000001:3.6666666666666665] [0.40824829046386302:2.9154759474226504] [0:1] [0:1] [0:5.2000000000000002] [0:3.8340579025361627] [0:4] [0:3.714835124201342] [0:1] [0:1] [0:5] [0:3.8340579025361627] [0:4.5999999999999996] [0:3.714835124201342] [-3.0974517071462602:23.870440024001297] [-7.4864129131424964:15.505686486302945] [0.064641203876440706:1] [0.074535438023037207:1] [0:3] [-1.21875:3] [-1.3999999999999999:3] [-1.3999999999999999:3] [-2:3] [-3:1.1388888888888888] [-3:1.1714285714285717] [-3:1] [-3:1.0909090909090908] [-3:1.5] [0:3] [-1.1290322580645162:3] [-1.1428571428571428:3] [-1.5:3] [-2:3] [-3:1.1212121212121211] [-3:1.1714285714285717] [-3:1] [-3:1] [-3:1.5] [1:42]
tree_sizes=875 1211 1516 993 953 1414 577 1436 1373 871 969 1194 760 1221 1158 463 1087 972 359 895 680 464 1001 769 358 687 754 360 787 682 357 686 563 222 660 662 358 579 773 222 687 572 222 577 464 222 468 466 222 467 353 222 468 571 222 468 467 222 555 357 222 573 467 222 361 222 222 222 359 222 222 357 222 222 357 222 358 356 356 222 357 222 355 222 222 357 222 222 222 359 357 222 222

Tree=0
num_leaves=7
num_cat=0
split_feature=35 43 32 35 43 35
split_gain=182.877 51.2639 74.1096 29.9359 26.0703 16.6362
threshold=-1.0266714082503554 -1.4202037351443122 1.2880184331797238 -0.51668520578420452 -0.95553359683794459 -0.33333333333333331
decision_type=10 8 10 10 8 10
left_child=4 5 3 -3 -1 -2
right_child=1 2 -4 -5 -6 -7
leaf_value=-1.3278742123400094 -1.3170769776192981 -1.3211353832894952 -1.1557257417794606 -1.2824944130325016 -1.4235932617234106 -1.3913527369827294
leaf_weight=407.7700851559639 341.86784917116165 1822.3145075440407 223.89107850193977 3369.8402275443077 968.23329743742943 378.34944409132004
leaf_count=1386 1162 6194 761 11454 3291 1286
internal_value=-1.31708 -1.29783 -1.2886 -1.29694 -1.40034 -1.3577
internal_weight=0 6136.26 5416.05 5192.15 1376 720.217
internal_count=25534 20857 18409 17648 4677 2448
is_linear=0
shrinkage=1


Tree=1
num_leaves=10
num_cat=0
split_feature=31 31 29 25 25 33 29 33 31
split_gain=1372.74 294.499 293.675 97.5626 90.2449 44.6494 44.2429 28.8206 13.6175
threshold=0.3373983739837399 0.9104278074866311 0.033333333333333305 1.0000000180025095e-35 0.19062627031197649 -0.67694497153700162 1.6666666666666667 -0.83558558558558538 0.58333333333333348
decision_type=10 10 10 2 2 10 10 8 10
left_child=2 3 -1 5 7 -2 -3 -4 -7
right_child=1 6 4 -5 -6 8 -8 -9 -10
leaf_value=-0.5537136970101727 -0.73329700148761856 -0.88759295604842414 -0.65648628518091923 -0.87829748042157396 -0.79774065750553924 -0.76982009129956663 -1.0054591058675264 -0.73011622852719926 -0.82022358227878023
leaf_weight=1283.0663681030273 789.23501014709473 1176.7658114433289 1230.1025819778442 935.0719141960144 496.44224882125854 816.08988761901855 634.07349586486816 997.73329496383667 1165.2032947540283
leaf_count=3440 2116 3155 3298 2507 1331 2188 1700 2675 3124
internal_value=-0.769288 -0.852593 -0.655036 -0.807933 -0.707938 -0.780695 -0.93738 -0.685459 -0.802576
internal_weight=0 5516.44 4007.34 3705.6 2724.28 2770.53 1810.84 2227.84 1981.29
internal_count=25534 14790 10744 9935 7304 7428 4855 5973 5312
is_linear=0
shrinkage=1


Tree=2
num_leaves=13
num_cat=0
split_feature=46 37 37 46 46 39 37 37 37 37 37 46
split_gain=1389.75 654.765 386.67 152.203 111.85 100.783 53.9106 32.9262 22.7444 20.5957 11.831 11.7717
threshold=-0.54800307219662048 -0.44444444444444431 -0.31142241379310348 -1.1731634182908544 -0.082207207207207131 1.0000000180025095e-35 0.11111111111111117 -0.89827586206896526 -0.22222222222222224 1.0000000180025095e-35 -0.71611721611721602 -0.3076923076923076
decision_type=8 8 8 10 10 10 8 10 8 10 10 8
left_child=1 5 10 -3 6 -1 11 -7 -5 -6 -2 -4
right_child=2 3 4 8 9 7 -8 -9 -10 -11 -12 -13
leaf_value=-1.2024499293391038 -1.499219733295964 -0.92962631543770646 -1.2813086289312909 -1.2442776812457457 -1.4102257715081588 -1.4203255106505734 -1.1946313378148383 -1.3140119529619012 -1.1108732892285909 -1.3140119529619012 -1.4247917340662828 -1.3315145066491063
leaf_weight=259.99421292543411 1227.4556719064713 452.77903747558594 514.38764348626137 331.92004960775375 673.86255186796188 395.00254571437836 348.42761868238449 397.36076986789703 861.04659405350685 264.71066123247147 1251.6274694800377 548.28711569309235
leaf_count=882 4164 1536 1745 1126 2286 1340 1182 1348 2921 898 4246 1860
internal_value=-1.31401 -1.16717 -1.39679 -1.06789 -1.31886 -1.32227 -1.27566 -1.37238 -1.13914 -1.38754 -1.4669 -1.31142
internal_weight=0 2698.1 4828.76 1645.75 2349.68 1052.36 1411.1 792.363 1192.97 938.573 2479.08 1062.67
internal_count=25534 9153 16381 5583 7971 3570 4787 2688 4047 3184 8410 3605
is_linear=0
shrinkage=1


Tree=3
num_leaves=8
num_cat=0
split_feature=36 47 29 36 47 47 47
split_gain=109.201 52.4984 70.9827 32.281 29.6664 8.21755 8.19326
threshold=-1.3377192982456141 -1.5067567567567564 1.9838709677419357 -0.44444444444444431 -0.3571428571428571 -1.0317540322580643 -0.37499999999999989
decision_type=10 8 10 10 8 8 8
left_child=6 -2 3 4 -3 -5 -1
right_child=1 2 -4 5 -6 -7 -8
leaf_value=-0.017359887424896411 -0.094308968631635293 0.017636697702162765 0.14142329527350606 -0.0065750993823944 -0.035418367443555462 0.027969409753522249 -0.12629849939499063
leaf_weight=212.32750022411346 240.02587401866913 1071.0477567315102 236.81265917420387 240.39690804481506 1543.1464669108391 3553.204611748457 386.61340644955635
leaf_count=764 847 3721 749 859 5353 11813 1428
internal_value=0 0.0101604 0.015449 0.00882964 -0.0118294 0.0243746 -0.100292
internal_weight=0 6884.63 6644.61 6407.8 2614.19 3793.6 598.941
internal_count=25534 23342 22495 21746 9074 12672 2192
is_linear=0
shrinkage=0.258447


Tree=4
num_leaves=8
num_cat=0
split_feature=47 42 47 42 42 13 47
split_gain=880.801 201.175 124.93 48.099 19.2335 17.8323 13.1789
threshold=-0.38461538461538441 0.85912698412698429 -0.73333333333333317 0.47295321637426907 1.5075757575757578 0.50000000000000011 -1.2152509652509649
decision_type=10 10 8 10 10 8 10
left_child=2 3 6 -2 -3 -4 -1
right_child=1 4 5 -5 -6 -7 -8
leaf_value=-0.18537032552037641 0 0.1099640070300871 -0.056949529066531598 0.058672521507355871 0.22165673180937573 0 -0.10326363292949936
leaf_weight=671.85542976856232 1777.0719640254974 1245.9849292039871 1261.4114536643028 2077.9285227060318 344.08839148283005 677.64467397332191 1375.6862195432186
leaf_count=1874 4780 3354 3425 5587 927 1829 3758
internal_value=0 0.0670777 -0.0918352 0.0324994 0.143879 -0.0392908 -0.136808
internal_weight=0 5445.07 3986.6 3855 1590.07 1939.06 2047.54
internal_count=25534 14648 10886 10367 4281 5254 5632
is_linear=0
shrinkage=0.258447


Tree=5
num_leaves=12
num_cat=0
split_feature=41 35 29 42 35 39 29 29 42 33 41
split_gain=983.068 358.308 230.164 79.3404 66.3711 36.876 32.0424 27.1484 19.9513 15.9553 10.564
threshold=0.17647058823529402 -0.29411764705882348 0.66666666666666696 0.4852813852813852 -1.0000000180025095e-35 0.076923076923076969 0.10714285714285707 0.49999999999999994 0.38461538461538475 -0.040833333333333298 -0.090909090909090884
decision_type=8 10 10 10 10 10 10 10 10 10 10
left_child=2 3 6 7 8 -4 -1 -2 -3 -6 -8
right_child=1 4 5 -5 9 -7 10 -9 -10 -11 -12
leaf_value=-0.036538174738259002 -0.084787092410332957 0.019637238189092163 0.26230407530591338 -0.14573443519671322 0.021170718602943398 0.12698450099928274 0.10222128170144314 0 -0.046789923591258747 0.11296280492590101 0.016193154188480035
leaf_weight=222.99071210622787 680.89426919817924 383.17510205507278 673.77206414937973 2066.5949756801128 444.74602925777435 684.48835518956184 255.13966780900955 566.18496292829514 604.24497556686401 432.9944483935833 451.25134161114693
leaf_count=816 2537 1271 1986 7621 1433 2132 822 1934 2076 1378 1528
internal_value=0 -0.0626388 0.138794 -0.113292 0.0253274 0.205364 0.0302153 -0.0516744 -0.0163778 0.0759848 0.0591938
internal_weight=0 5178.83 2287.64 3313.67 1865.16 1358.26 929.382 1247.08 987.42 877.74 706.391
internal_count=25534 18250 7284 12092 6158 4118 3166 4471 3347 2811 2350
is_linear=0
shrinkage=0.258447


Tree=6
num_leaves=4
num_cat=0
split_feature=45 45 2
split_gain=31.2975 41.6913 23.1059
threshold=-1.0000000180025095e-35 -1.4508064516129031 1.9672043010752691
decision_type=10 8 10
left_child=1 -1 -3
right_child=-2 2 -4
leaf_value=-0.057047824476194858 -0.033083316376527012 0.023462595214254946 -0.021864373272654124
leaf_weight=490.32378043234348 1375.7482419610023 4862.6448771953583 725.90137548744678
leaf_count=1766 4850 16351 2567
internal_value=0 0.00926974 0.0165034
internal_weight=0 6078.87 5588.55
internal_count=25534 20684 18918
is_linear=0
shrinkage=0.258447


Tree=7
num_leaves=12
num_cat=0
split_feature=32 46 39 37 32 39 46 29 29 37 46
split_gain=647.01 349.192 121.205 96.9962 79.2567 35.1301 26.1401 25.0709 20.6169 10.5158 8.72542
threshold=0.047619047619047512 -0.34248120300751866 0.68660714285714297 -0.027027027027027046 0.61834733893557436 0.38461538461538453 0.071428571428571466 0.067816091954022925 0.42857142857142877 -0.36363636363636359 -0.047619047619047443
decision_type=10 8 8 8 10 10 10 10 10 10 10
left_child=2 4 7 6 5 -2 9 -1 -4 -3 -5
right_child=1 3 8 10 -6 -7 -8 -9 -10 -11 -12
leaf_value=0.066732079671393607 -0.089921705505149954 0.054044201447652429 0.16187085043019717 -0.064345880615385681 -0.14703784606774606 -0.0089036188888208332 0.1014943394118705 -0.0025628157304708977 0.049361521454813505 0.0032828881718710871 -0.0039504126997460887
leaf_weight=499.53674840927124 987.58795166015625 547.74777269363403 1372.9804249405861 596.844577729702 1574.2205207943916 803.28564947843552 506.29249516129494 586.32238101959229 341.45759728550911 980.3591451048851 490.64713206887245
leaf_count=1341 2772 1468 3767 1627 4571 2177 1356 1585 921 2625 1324
internal_value=0 -0.0454413 0.102003 0.0153745 -0.102713 -0.0577299 0.0494304 0.026465 0.144615 0.0259887 -0.0431233
internal_weight=0 6486.99 2800.3 3121.89 3365.09 1790.87 2034.4 1085.86 1714.44 1528.11 1087.49
internal_count=25534 17920 7614 8400 9520 4949 5449 2926 4688 4093 2951
is_linear=0
shrinkage=0.258447


Tree=8
num_leaves=12
num_cat=0
split_feature=40 30 31 40 30 30 40 40 40 30 31
split_gain=553.158 221.178 203.482 84.0703 51.4411 41.8054 20.4627 18.722 11.5337 11.4477 9.36834
threshold=0.40000000000000008 0.77913279132791335 0.50000000000000022 1.0000000000000002 0.21525096525096535 1.0722996515679446 0.12500000000000014 0.61290322580645173 1.5400641025641024 1.0563492063492068 -0.11111111111111098
decision_type=8 10 10 8 8 10 10 8 8 10 10
left_child=1 4 7 5 10 -4 -6 -2 -5 -3 -1
right_child=2 9 3 8 6 -7 -8 -9 -10 -11 -12
leaf_value=-0.064767340486286046 -0.048528986958120718 0.09994169100247885 0 -0.02762943813924371 0.085788911808566307 0.090996001385862002 0.0059205358523856926 -0.12802418055855314 -0.12470912448839509 0.21748144360731289 0
leaf_weight=214.13736332952976 604.4537255614996 493.84702754020691 906.05090840160847 489.47211854159832 704.01136738061905 509.88196548819542 522.22041809558868 1677.6454831808805 207.67343717813492 591.70365473628044 415.49003921449184
leaf_count=799 2250 1425 3113 1772 2108 1580 1727 6900 785 1640 1435
internal_value=0 0.0853713 -0.0582686 0 0.026151 0.035798 0.0575237 -0.110818 -0.0704254 0.175939 -0.0271115
internal_weight=0 2941.41 4395.18 2113.08 1855.86 1415.93 1226.23 2282.1 697.146 1085.55 629.627
internal_count=25534 9134 16400 7250 6069 4693 3835 9150 2557 3065 2234
is_linear=0
shrinkage=0.258447


Tree=9
num_leaves=7
num_cat=0
split_feature=28 45 29 29 33 45
split_gain=69.2732 23.8042 39.7199 15.2233 10.8056 10.2484
threshold=0.19999999999999982 -1.4508064516129031 1.8596059113300492 0.64516129032258074 -0.62331081081081063 -1.0000000180025095e-35
decision_type=2 8 10 10 8 10
left_child=-1 4 3 5 -2 -3
right_child=1 2 -4 -5 -6 -7
leaf_value=-0.069045921457961235 0 0.0016719233448634471 0.11199443933461908 0.020837843843229915 -0.073618325959723813 -0.038782504981596959
leaf_weight=752.31589943170547 209.57962611317635 1924.663571625948 230.37793502211571 3635.5188317745924 232.04659649729729 424.81293150782585
leaf_count=2977 760 6549 676 12081 919 1572
internal_value=0 0.0109079 0.0157461 0.0101993 -0.0409782 -0.0042128
internal_weight=0 6657 6215.37 5985 441.626 2349.48
internal_count=25534 22557 20878 20202 1679 8121
is_linear=0
shrinkage=0.258447


Tree=10
num_leaves=8
num_cat=0
split_feature=34 47 46 47 47 34 47
split_gain=328.775 252.071 66.3215 65.6364 33.8084 24.5882 13.664
threshold=-1.0131578947368418 -0.49999999999999989 -0.77638888888888868 0.11111111111111117 -0.99999999999999978 -0.4932432432432432 -0.14285714285714293
decision_type=8 8 8 10 10 10 10
left_child=2 4 -1 5 -2 -3 -7
right_child=1 3 -4 -5 -6 6 -8
leaf_value=0 -0.13617539656849695 0.022329976687851891 0.12406389742675418 0.068082154880491616 -0.058711824316802615 -0.037891554224484453 0
leaf_weight=412.66629272699356 902.02406764030457 1225.2817338109016 1358.4638984501362 943.3372095823288 1577.1020914912224 1359.2208017408848 1280.3173794448376
leaf_count=1126 2888 3304 3863 2562 4549 3761 3481
internal_value=0 -0.0251244 0.0974052 0.00856975 -0.0912803 -0.00538902 -0.0203677
internal_weight=0 7287.28 1771.13 4808.16 2479.13 3864.82 2639.54
internal_count=25534 20545 4989 13108 7437 10546 7242
is_linear=0
shrinkage=0.258447


Tree=11
num_leaves=10
num_cat=0
split_feature=45 37 37 45 47 37 37 45 47
split_gain=350.971 152.856 151.678 44.7449 40.3407 37.0734 21.8718 20.001 9.19434
threshold=-0.61414392059553335 -0.25 -0.37499999999999989 -0.033333333333333347 -1.2152509652509649 -0.89827586206896526 0.22727272727272738 -1.0119047619047616 -0.27681992337164746
decision_type=8 8 8 10 8 10 8 10 8
left_child=1 4 -2 6 -1 -6 8 -3 -4
right_child=2 7 3 -5 5 -7 -8 -9 -10
leaf_value=0.07871076078830555 -0.11063334373844581 0.15833304964461975 0.023195871418789756 -0.067830422440473909 -0.084744974084395921 0.0063198213168234475 0.071121254439299689 0.07050675443419005 -0.016281445252688771
leaf_weight=313.86142514646053 1641.0919968932867 732.22316733002663 550.94532044231892 578.46343320608139 341.84351110458374 858.26847963035107 274.26542153954506 849.91896733641624 1031.8384677022696
leaf_count=911 7489 1986 1774 2238 1384 2788 826 2446 3692
internal_value=0 0.0634565 -0.0510297 -0.00723596 0.000748619 -0.018078 0.0103438 0.118264 0
internal_weight=0 3096.12 4076.6 2435.51 1513.97 1200.11 1857.05 1582.14 1582.78
internal_count=25534 9515 16019 8530 5083 4172 6292 4432 5466
is_linear=0
shrinkage=0.258447


Tree=12
num_leaves=6
num_cat=0
split_feature=28 47 28 34 47
split_gain=45.6897 12.6459 29.5073 8.965 8.89712
threshold=0.19999999999999982 -1.0317540322580643 1.5833333333333337 -1.671171171171171 -1.5067567567567564
decision_type=2 8 2 8 10
left_child=3 4 -3 -1 -2
right_child=1 2 -4 -5 -6
leaf_value=-0.099720316636415354 -0.057235509645021568 0.005312583239675879 0.056383644474956203 -0.01713467705441131 0
leaf_weight=232.78135494887829 210.85692653059959 5074.5512164831161 913.77740272879601 474.7581522911787 450.12425443530083
leaf_count=1071 897 17158 2875 1906 1627
internal_value=0 0.010113 0.0144032 -0.0563168 -0.0196566
internal_weight=0 6649.31 5988.33 707.54 660.981
internal_count=25534 22557 20033 2977 2524
is_linear=0
shrinkage=0.258447


Tree=13
num_leaves=10
num_cat=0
split_feature=30 44 34 40 30 44 30 40 34
split_gain=277.443 133.981 74.7572 42.8875 29.574 27.5325 26.0964 19.9536 11.1348
threshold=0.13333333333333344 -0.98684210526315785 -0.48148148148148151 0.45584415584415588 1.0563492063492068 -0.19999999999999993 0.54545454545454564 0.53950103950103967 -0.04999999999999994
decision_type=10 8 8 8 10 10 10 8 10
left_child=3 6 5 -1 7 -3 -2 -4 -6
right_child=1 2 4 -5 8 -7 -8 -9 -10
leaf_value=0.020019321995769522 -0.01228807695310289 0.0073805548214686198 -0.035324830715103235 0.11148105861184687 -0.007770881848574232 0.08019426400272181 -0.11702696449512411 0.0055104477217375785 -0.092958693647122198
leaf_weight=709.58284628391266 338.13677197694778 1268.1015585064888 1343.7189729511738 1263.1021086573601 310.53356909751892 561.99210378527641 1048.3137294203043 1435.8345217704773 554.86447663605213
leaf_count=1931 973 3453 3829 3786 875 1571 3557 3885 1674
internal_value=0 -0.0261115 -0.00656662 0.0825665 -0.0286209 0.0341699 -0.096512 -0.0127094 -0.0702975
internal_weight=0 6861.5 5475.05 1972.68 3644.95 1830.09 1386.45 2779.55 865.398
internal_count=25534 19817 15287 5717 10263 5024 4530 7714 2549
is_linear=0
shrinkage=0.258447


Tree=14
num_leaves=10
num_cat=0
split_feature=35 43 40 35 35 35 40 43 31
split_gain=225.965 138.455 97.5776 26.4003 25.9014 24.9505 21.114 8.97649 8.49778
threshold=-0.55718954248365982 -0.87689393939393911 0.052631578947368411 -0.061553030303030339 -1.0000000180025095e-35 -0.87339743589743579 0.89039039039039058 -0.83558558558558538 0.89039039039039058
decision_type=8 8 10 8 8 10 10 8 10
left_child=2 3 -1 -2 6 -4 -3 -7 -6
right_child=1 4 5 -5 8 7 -8 -9 -10
leaf_value=0.031137659699598003 0.051147165182254366 0 -0.1146496637504701 0.13776248722593029 0 0 -0.059115246567152148 -0.055534425470491915 0.053116646470727981
leaf_weight=495.27426519989967 964.85934728384018 1411.8642642647028 1171.5496079325676 650.92834696173668 335.82742488384247 247.34011003375053 531.85436308383942 649.62896223366261 532.35607329010963
leaf_count=1511 2795 4915 5841 1811 1060 851 2199 2923 1628
internal_value=0 0.0335774 -0.0619342 0.0925206 0 -0.0868822 -0.0179016 -0.0406563 0.0343541
internal_weight=0 4427.69 2563.79 1615.79 2811.9 2068.52 1943.72 896.969 868.183
internal_count=25534 14408 11126 4606 9802 9615 7114 3774 2688
is_linear=0
shrinkage=0.258447


Tree=15
num_leaves=3
num_cat=0
split_feature=37 39
split_gain=40.378 22.6525
threshold=-1.5067567567567564 1.939338235294118
decision_type=8 10
left_child=-1 -2
right_child=1 -3
leaf_value=-0.088007466057121161 0.0037402949266378675 0.074491893981645907
leaf_weight=247.10590088367462 6787.8399975150824 278.70773600041866
leaf_count=1226 23374 934
internal_value=0 0.00781034
internal_weight=0 7066.55
internal_count=25534 24308
is_linear=0
shrinkage=0.258447


Tree=16
num_leaves=9
num_cat=0
split_feature=31 39 46 35 35 31 39 46
split_gain=183.836 108.449 61.5751 31.9451 23.3745 16.9122 11.6877 9.37898
threshold=0.58333333333333348 0.70000000000000018 -0.76568627450980375 -1.5067567567567564 -1.0000000180025095e-35 -0.19999999999999976 0.38461538461538453 -0.19999999999999982
decision_type=10 8 8 8 10 10 10 8
left_child=1 5 -2 -3 7 -1 -7 -4
right_child=2 3 4 -5 -6 6 -8 -9
leaf_value=0.041868884798941894 -0.10821329770809422 0.13044566456580217 -0.022652282779943834 0.045191456593521528 -0.054772651051666371 -0.035011453766590046 0 0.016983387103207546
leaf_weight=273.27587008476257 871.29745922982693 438.06842932105064 729.65403632819653 2343.4454264342785 944.33891570568085 1205.1393331885338 1090.4742496907711 721.04600790143013
leaf_count=768 3289 1476 2078 6694 2813 3491 2974 1951
internal_value=0 0.0276101 -0.0495997 0.0627097 -0.0242163 -0.00894258 -0.0180284 0
internal_weight=0 5350.4 3266.34 2781.51 2395.04 2568.89 2295.61 1450.7
internal_count=25534 15403 10131 8170 6842 7233 6465 4029
is_linear=0
shrinkage=0.258447


Tree=17
num_leaves=8
num_cat=0
split_feature=41 31 39 31 31 39 31
split_gain=161.715 104.612 37.3558 25.8741 25.5445 22.8951 10.2098
threshold=0.7656862745098042 0.90161290322580656 0.066666666666666721 0.80243902439024406 0.30151515151515157 1.5923295454545456 1.2
decision_type=8 10 10 10 10 8 10
left_child=1 2 -1 -2 -4 -5 -3
right_child=3 6 4 5 -6 -7 -8
leaf_value=0.048083061609698649 -0.10006535813465194 0.045826170179011264 -0.039135763505609961 0.0099766075803023706 0.0045972026803175296 -0.080962025164920001 0.12614814543568256
leaf_weight=820.22293205559254 970.6283732354641 654.5956603884697 1338.7254459261894 391.8433435857296 1992.3070357888937 200.24476990103722 464.15194979310036
leaf_count=2340 5357 1850 5947 1342 6541 838 1319
internal_value=0 0.019774 0 -0.0734597 -0.0118025 -0.0170583 0.0879039
internal_weight=0 5270 4151.26 1562.72 3331.03 592.088 1118.75
internal_count=25534 17997 14828 7537 12488 2180 3169
is_linear=0
shrinkage=0.258447


Tree=18
num_leaves=2
num_cat=0
split_feature=35
split_gain=25.4437
threshold=-1.4530791788856303
decision_type=10
left_child=-1
right_child=-2
leaf_value=-0.049755699514417065 0.0085614940801707722
leaf_weight=469.86799776554108 6808.1895863413811
leaf_count=2283 23251
internal_value=0
internal_weight=0
internal_count=25534
is_linear=0
shrinkage=0.258447


Tree=19
num_leaves=7
num_cat=0
split_feature=28 40 28 40 40 28
split_gain=125.851 119.001 49.6517 19.1605 13.3549 8.38482
threshold=1.6666666666666667 1.0779352226720651 0.80000000000000027 0.083333333333333315 0.11269841269841262 0.11834733893557411
decision_type=2 8 2 10 10 2
left_child=1 2 3 -1 -4 -5
right_child=-2 -3 4 5 -6 -7
leaf_value=-0.018753476717268566 -0.093138495793781487 0.076665389256668257 -0.062154479035171815 0.063772884449839043 -0.016172697590300034 0.016384828481227843
leaf_weight=573.95458991825581 848.32267820835114 1361.2285631746054 676.35551971197128 432.83227464556694 2600.6920302063227 1937.3390143364668
leaf_count=1650 3078 4205 2427 1359 7388 5427
internal_value=0 0.00876732 -0.00580723 0.0173249 -0.0280835 0.0284201
internal_weight=0 7582.4 6221.17 2944.13 3277.05 2370.17
internal_count=25534 22456 18251 8436 9815 6786
is_linear=0
shrinkage=0.258447


Tree=20
num_leaves=5
num_cat=0
split_feature=44 29 29 44
split_gain=82.5396 33.6586 32.9834 25.6545
threshold=-0.64932432432432419 0.34782608695652184 0.15384615384615383 -1.4615384615384612
decision_type=8 10 10 10
left_child=2 -2 -1 -4
right_child=1 -3 3 -5
leaf_value=-0.042421131163924562 -0.070920477475366034 -0.01095860422062654 0.08893331023064914 0.021927389159547485
leaf_weight=251.17375395447016 862.07739482074976 3056.2568328157067 603.4756675362587 1917.9618967399001
leaf_count=1162 4924 11731 1779 5938
internal_value=0 -0.0262509 0.0314167 0.0415268
internal_weight=0 3918.33 2772.61 2521.44
internal_count=25534 16655 8879 7717
is_linear=0
shrinkage=0.258447


Tree=21
num_leaves=3
num_cat=0
split_feature=31 48
split_gain=12.278 12.3682
threshold=0.51668520578420474 24.250000000000004
decision_type=8 2
left_child=-1 -2
right_child=1 -3
leaf_value=-0.0052909466868857578 0.02595734301270063 -0.0036535866168837228
leaf_weight=3817.0420025289059 2361.5711921304464 1076.1880427598953
leaf_count=14156 7863 3515
internal_value=0 0.0152962
internal_weight=0 3437.76
internal_count=25534 11378
is_linear=0
shrinkage=0.258447


Tree=22
num_leaves=8
num_cat=0
split_feature=28 37 47 28 47 29 37
split_gain=88.647 64.6497 25.1971 22.3952 18.2238 16.5841 11.9857
threshold=1.5571895424836606 -0.95553359683794459 0.11111111111111117 0.10526315789473702 -0.46049896049896044 1.7533783783783787 -0.36363636363636359
decision_type=2 8 10 2 10 10 8
left_child=1 3 6 -1 -5 -2 -3
right_child=5 2 -4 4 -6 -7 -8
leaf_value=0.10271034879139658 -0.03349310076081629 0.0031563827257934086 0.037924521920602375 -0.016183892559915133 0.054867167756411088 -0.1205529828042374 -0.020298574936696793
leaf_weight=519.20477333664894 794.9666723459959 2174.2568231523037 809.41742590069771 298.51729707419872 413.8477735966444 326.29678332805634 2948.8336493521929
leaf_count=1899 2670 6186 2340 848 1383 1409 8799
internal_value=0 0.00872608 -0.00180654 0.0613879 0.0193313 -0.0676748 -0.00941819
internal_weight=0 7164.08 5932.51 1231.57 712.365 1121.26 5123.09
internal_count=25534 21455 17325 4130 2231 4079 14985
is_linear=0
shrinkage=0.258447


Tree=23
num_leaves=6
num_cat=0
split_feature=35 31 46 46 35
split_gain=87.7281 60.507 38.7041 26.9762 12.6101
threshold=-0.87339743589743579 1.5571895424836606 -0.032258064516129142 -1.0833333333333333 -0.068965517241379337
decision_type=8 10 10 10 8
left_child=3 2 4 -1 -2
right_child=1 -3 -4 -5 -6
leaf_value=0 0.0040059533776365831 0.12292195097701741 -0.042451709892428247 -0.084184043085074586 0.037379006150093035
leaf_weight=243.58292616903782 3082.288285240531 255.62000375986099 884.2867680862546 926.21412289887667 1204.0400141626596
leaf_count=771 10467 801 4183 5828 3484
internal_value=0 0.0115131 0.00378045 -0.0648565 0.0149259
internal_weight=0 5426.24 5170.62 1169.8 4286.33
internal_count=25534 18935 18134 6599 13951
is_linear=0
shrinkage=0.258447


Tree=24
num_leaves=2
num_cat=0
split_feature=35
split_gain=10.2786
threshold=-1.4530791788856303
decision_type=10
left_child=-1
right_child=-2
leaf_value=-0.03142156717579124 0.0065747735445189194
leaf_weight=425.65627298504114 6813.2905810624361
leaf_count=2283 23251
internal_value=0
internal_weight=0
internal_count=25534
is_linear=0
shrinkage=0.258447


Tree=25
num_leaves=5
num_cat=0
split_feature=30 41 41 37
split_gain=63.7841 64.5692 34.7322 20.9248
threshold=1.5071428571428573 1.2360681114551084 1.0000000180025095e-35 -0.11764705882352934
decision_type=10 8 10 8
left_child=1 2 -1 -4
right_child=-2 -3 3 -5
leaf_value=-0.039269000124882526 -0.10862860466424099 0.077740824783852996 0.015862883849212431 -0.016413032366300321
leaf_weight=1450.2936819642782 302.96924741566181 649.28679804503918 3871.4038822799921 1877.9654911607504
leaf_count=4986 1425 2239 11328 5556
internal_value=0 0.00266067 -0.00393583 0.00437418
internal_weight=0 7848.95 7199.66 5749.37
internal_count=25534 24109 21870 16884
is_linear=0
shrinkage=0.258447


Tree=26
num_leaves=6
num_cat=0
split_feature=39 47 35 35 47
split_gain=69.3662 51.6729 24.3156 23.0014 16.3367
threshold=1.2 -1.5067567567567564 -0.27149877149877144 -0.55718954248365982 -0.31142241379310348
decision_type=8 8 10 8 8
left_child=1 -1 -2 -3 -5
right_child=2 3 -4 4 -6
leaf_value=0.10799204523382672 -0.088698594755112617 -0.02202816391850948 0 0.028729818516398664 -0.0037700317072979122
leaf_weight=284.11465348303318 673.52961973100901 1569.9959824830294 348.96967363357544 2183.5791439861059 1441.6993533074856
leaf_count=909 4490 7276 1276 6289 5294
internal_value=0 0.00981652 -0.0617421 0.00238803 0.0145376
internal_weight=0 5479.39 1022.5 5195.27 3625.28
internal_count=25534 19768 5766 18859 11583
is_linear=0
shrinkage=0.258447


Tree=27
num_leaves=2
num_cat=0
split_feature=29
split_gain=8.49242
threshold=0.59491634491634504
decision_type=10
left_child=-1
right_child=-2
leaf_value=-0.0068448777339657988 0.010705812113356833
leaf_weight=2689.3004274070263 4529.9676619768143
leaf_count=10457 15077
internal_value=0
internal_weight=0
internal_count=25534
is_linear=0
shrinkage=0.258447


Tree=28
num_leaves=6
num_cat=0
split_feature=30 40 28 39 31
split_gain=47.5713 50.2165 21.4711 11.9156 9.9335
threshold=1.5071428571428573 1.3133928571428575 0.80000000000000027 0.70000000000000018 -0.42857142857142844
decision_type=10 8 2 10 8
left_child=1 2 4 -4 -1
right_child=-2 -3 3 -5 -6
leaf_value=0.056441509471356163 -0.09720628539403825 0.063429581817561267 -0.033452731073173057 -0.0020740582336178227 0.0038231697566565256
leaf_weight=253.2212702780962 280.05100896954536 752.69669452309608 1727.1650501415133 2214.9797086268663 2811.0271084159613
leaf_count=923 1425 2653 6014 6313 8206
internal_value=0 0.00195279 -0.00436226 -0.0173862 0.010747
internal_weight=0 7759.09 7006.39 3942.14 3064.25
internal_count=25534 24109 21456 12327 9129
is_linear=0
shrinkage=0.258447


Tree=29
num_leaves=5
num_cat=0
split_feature=42 30 40 28
split_gain=66.4045 47.4395 19.3343 12.3337
threshold=1.0597147950089127 1.4000000000000004 0.23076923076923073 0.564659977703456
decision_type=8 10 10 2
left_child=1 2 -1 -4
right_child=-2 -3 3 -5
leaf_value=0.018464548806222603 -0.097129708287430422 0.078230764298065497 -0.043955712608433166 -0.0035309229301721751
leaf_weight=1920.7791380435228 399.22772981971502 487.7339015007019 675.40903513133526 2929.6004786640406
leaf_count=5770 2802 1530 4293 11139
internal_value=0 0.00512932 -0.00110418 -0.0130636
internal_weight=0 6013.52 5525.79 3605.01
internal_count=25534 22732 21202 15432
is_linear=0
shrinkage=0.258447


Tree=30
num_leaves=2
num_cat=0
split_feature=5
split_gain=8.19386
threshold=0.88330492810641059
decision_type=8
left_child=-1
right_child=-2
leaf_value=0.019892649654608935 -0.0004058788077415242
leaf_weight=1525.1260412633419 5679.5924083665013
leaf_count=5700 19834
internal_value=0
internal_weight=0
internal_count=25534
is_linear=0
shrinkage=0.258447


Tree=31
num_leaves=5
num_cat=0
split_feature=37 38 37 13
split_gain=40.3827 26.0834 16.8615 20.2483
threshold=-1.5067567567567564 0.13100686498855854 0.16666666666666669 0.3000000000000001
decision_type=8 2 8 8
left_child=-1 -2 3 -3
right_child=1 2 -4 -5
leaf_value=0.087941861955173381 -0.059285343894288314 0.021842845129547799 -0.040395554453339345 -0.0074163469789632801
leaf_weight=263.53173239529133 510.21091581135988 2380.1443964466453 611.68334612995386 4174.2976049631834
leaf_count=1226 2152 7108 2280 12768
internal_value=0 -0.00566321 -0.000707161 0.00251997
internal_weight=0 7676.34 7166.13 6554.44
internal_count=25534 24308 22156 19876
is_linear=0
shrinkage=0.258447


Tree=32
num_leaves=4
num_cat=0
split_feature=36 31 19
split_gain=35.7382 29.4487 10.9658
threshold=-0.90767045454545436 1.5571895424836606 0.3000000000000001
decision_type=8 10 8
left_child=-1 2 -2
right_child=1 -3 -4
leaf_value=-0.052041250468961388 0.017534611414314283 0.085462782024396999 -0.0071430635718623863
leaf_weight=772.28200622648001 1718.0336628779769 235.809146463871 3616.1821257546544
leaf_count=5311 7027 805 12391
internal_value=0 0.00528341 0
internal_weight=0 5570.02 5334.22
internal_count=25534 20223 19418
is_linear=0
shrinkage=0.258447


Tree=33
num_leaves=1
num_cat=0
split_feature=
split_gain=
threshold=
decision_type=
left_child=
right_child=
leaf_value=0
leaf_weight=
leaf_count=
internal_value=
internal_weight=
internal_count=
is_linear=0
shrinkage=1


Tree=34
num_leaves=5
num_cat=0
split_feature=31 41 41 35
split_gain=31.3347 22.973 13.6922 10.6848
threshold=1.2 1.5092592592592597 1.0000000180025095e-35 -0.63525498891352528
decision_type=10 8 10 8
left_child=1 2 -1 -4
right_child=-2 -3 3 -5
leaf_value=-0.023235878340935906 -0.063122693052556272 0.073217193994323665 0.019541370184507814 -0.0021993008159025855
leaf_weight=1355.0023576766253 460.5571391955018 240.15094225108624 2168.1383165419102 3675.3630432933569
leaf_count=4797 2232 1066 6908 10531
internal_value=0 0.00252447 0 0.00509791
internal_weight=0 7438.65 7198.5 5843.5
internal_count=25534 23302 22236 17439
is_linear=0
shrinkage=0.258447


Tree=35
num_leaves=5
num_cat=0
split_feature=41 47 37 37
split_gain=46.5604 29.7124 16.6449 12.2399
threshold=0.90161290322580656 -1.6132478632478628 0.25000000000000011 0.13793103448275859
decision_type=8 8 8 10
left_child=1 -1 -3 -2
right_child=3 2 -4 -5
leaf_value=0.092483252826094223 -0.067767084478764797 -0.0019991226944897772 0.044959963464689896 0
leaf_weight=207.98520377278328 739.93478042259812 4735.4031789079309 494.85322295129299 128.03855040669441
leaf_count=745 5187 17780 1413 409
internal_value=0 0.00718456 0.00188749 -0.0554032
internal_weight=0 5438.24 5230.26 867.973
internal_count=25534 19938 19193 5596
is_linear=0
shrinkage=0.258447


Tree=36
num_leaves=2
num_cat=0
split_feature=48
split_gain=10.7909
threshold=16.750000000000004
decision_type=2
left_child=-1
right_child=-2
leaf_value=0.014762858633888008 -0.0047856742625170794
leaf_weight=3129.3646323084831 4063.8370937928557
leaf_count=11584 13950
internal_value=0
internal_weight=0
internal_count=25534
is_linear=0
shrinkage=0.258447


Tree=37
num_leaves=4
num_cat=0
split_feature=37 31 42
split_gain=26.1082 19.5325 9.58609
threshold=-1.5067567567567564 1.2029411764705886 0.41176470588235298
decision_type=8 10 8
left_child=-1 2 -2
right_child=1 -3 -4
leaf_value=0.073175840695889505 -0.010110546825736817 -0.055254675546561154 0.0085366092440055646
leaf_weight=239.53729127347469 3829.4438754767179 430.24448224157095 3333.5246903151274
leaf_count=1226 12108 2188 10012
internal_value=0 -0.00485857 -0.000717433
internal_weight=0 7593.21 7162.97
internal_count=25534 24308 22120
is_linear=0
shrinkage=0.258447


Tree=38
num_leaves=6
num_cat=0
split_feature=40 32 41 19 19
split_gain=35.7614 24.2847 13.9274 17.4163 9.17442
threshold=1.5400641025641024 1.0125000000000004 0.49999999999999994 0.50000000000000011 1.0000000180025095e-35
decision_type=8 10 10 8 10
left_child=1 2 3 -1 -4
right_child=-2 -3 4 -5 -6
leaf_value=0.02460989799082397 -0.095337496707814995 0.048344571697171081 0 -0.010320553233305085 -0.031708000861959476
leaf_weight=1752.2557947635651 205.43175097554922 633.56254379451275 521.59777117520571 1737.3994977623224 1399.1464324519038
leaf_count=6032 1837 2022 2889 5578 7176
internal_value=0 0.00215387 -0.00274142 0.0058705 -0.0207318
internal_weight=0 6043.96 5410.4 3489.66 1920.74
internal_count=25534 23697 21675 11610 10065
is_linear=0
shrinkage=0.258447


Tree=39
num_leaves=1
num_cat=0
split_feature=
split_gain=
threshold=
decision_type=
left_child=
right_child=
leaf_value=0
leaf_weight=
leaf_count=
internal_value=
internal_weight=
internal_count=
is_linear=0
shrinkage=1


Tree=40
num_leaves=5
num_cat=0
split_feature=29 45 45 20
split_gain=21.116 12.6213 9.51677 8.6302
threshold=0.97142857142857153 -0.96490147783251234 -0.026315789473684147 0.70000000000000007
decision_type=10 8 10 10
left_child=2 -2 3 -1
right_child=1 -3 -4 -5
leaf_value=-0.019891083473536502 -0.056632119267151441 -0.007507738391370599 0.030045999685240962 0.0076706410718371879
leaf_weight=874.53317944705486 524.62818416953087 1861.9641192108393 969.85061328113079 3552.7176973819733
leaf_count=2672 2839 5873 3445 10705
internal_value=0 -0.0214559 0.00733236 0.000895789
internal_weight=0 2386.59 5397.1 4427.25
internal_count=25534 8712 16822 13377
is_linear=0
shrinkage=0.258447


Tree=41
num_leaves=4
num_cat=0
split_feature=38 38 29
split_gain=32.0517 22.8811 12.9144
threshold=1.835585585585586 0.37500000000000017 0.97142857142857153
decision_type=2 2 10
left_child=1 -1 -3
right_child=-2 2 -4
leaf_value=0.032768611255204132 -0.075048659021927838 -0.016964652507029665 0.0096847864772416133
leaf_weight=1308.4277198761702 317.7524593770504 2697.7982076965272 1884.650106087327
leaf_count=4048 2669 12808 6009
internal_value=0 0.00281917 -0.0049049
internal_weight=0 5890.88 4582.45
internal_count=25534 22865 18817
is_linear=0
shrinkage=0.258447


Tree=42
num_leaves=1
num_cat=0
split_feature=
split_gain=
threshold=
decision_type=
left_child=
right_child=
leaf_value=0
leaf_weight=
leaf_count=
internal_value=
internal_weight=
internal_count=
is_linear=0
shrinkage=1


Tree=43
num_leaves=4
num_cat=0
split_feature=29 41 29
split_gain=18.6208 16.7352 9.36185
threshold=1.6666666666666667 1.5092592592592597 0.32305502846299822
decision_type=10 8 10
left_child=1 2 -1
right_child=-2 -3 -4
leaf_value=0.014349098561109844 -0.060332202666788209 0.061617563033834664 -0.0068300765982487188
leaf_weight=1762.1312212347984 287.86824467778206 239.5037094950676 5448.0898177474737
leaf_count=5741 1719 1130 16944
internal_value=0 0.000884013 -0.000873118
internal_weight=0 7449.72 7210.22
internal_count=25534 23815 22685
is_linear=0
shrinkage=0.258447


Tree=44
num_leaves=3
num_cat=0
split_feature=40 47
split_gain=23.0238 20.1615
threshold=1.5067567567567572 -1.6132478632478628
decision_type=8 8
left_child=1 -1
right_child=-2 -3
leaf_value=0.073424116943457393 -0.08004052242192769 -0.00097473370699165151
leaf_weight=195.5150578469038 184.63089726492763 5781.1257461868227
leaf_count=756 1877 22901
internal_value=0 0.00124945
internal_weight=0 5976.64
internal_count=25534 23657
is_linear=0
shrinkage=0.258447


Tree=45
num_leaves=1
num_cat=0
split_feature=
split_gain=
threshold=
decision_type=
left_child=
right_child=
leaf_value=0
leaf_weight=
leaf_count=
internal_value=
internal_weight=
internal_count=
is_linear=0
shrinkage=1


Tree=46
num_leaves=3
num_cat=0
split_feature=45 20
split_gain=12.607 11.6137
threshold=-0.44736842105263142 0.70000000000000007
decision_type=10 10
left_child=-1 -2
right_child=1 -3
leaf_value=-0.012671035103214098 -0.010586244671329535 0.017381654440910079
leaf_weight=3570.0918146818876 1200.6892918646336 2930.5276677533984
leaf_count=12666 3878 8990
internal_value=0 0.00798608
internal_weight=0 4131.22
internal_count=25534 12868
is_linear=0
shrinkage=0.258447


Tree=47
num_leaves=3
num_cat=0
split_feature=39 29
split_gain=17.3424 16.3905
threshold=1.7379862700228836 1.7171428571428573
decision_type=8 10
left_child=1 -1
right_child=-2 -3
leaf_value=-0.0020146759124139071 -0.069558036026921746 0.052281905715428366
leaf_weight=5614.6907233484089 185.81800584867597 338.06077426671982
leaf_count=22404 1946 1184
internal_value=0 0.00065889
internal_weight=0 5952.75
internal_count=25534 23588
is_linear=0
shrinkage=0.258447


Tree=48
num_leaves=1
num_cat=0
split_feature=
split_gain=
threshold=
decision_type=
left_child=
right_child=
leaf_value=0
leaf_weight=
leaf_count=
internal_value=
internal_weight=
internal_count=
is_linear=0
shrinkage=1


Tree=49
num_leaves=3
num_cat=0
split_feature=29 29
split_gain=13.172 9.2064
threshold=0.36666666666666664 1.7464285714285717
decision_type=10 10
left_child=-1 -2
right_child=1 -3
leaf_value=0.015736476267942966 -0.0045571472697497556 -0.055378566911187428
leaf_weight=2041.9999797344208 5411.9878290444613 228.49455435574055
leaf_count=6969 17048 1517
internal_value=0 -0.00803836
internal_weight=0 5640.48
internal_count=25534 18565
is_linear=0
shrinkage=0.258447


Tree=50
num_leaves=2
num_cat=0
split_feature=40
split_gain=14
threshold=0.90121951219512209
decision_type=8
left_child=-1
right_child=-2
leaf_value=0.0038657310406220976 -0.026790737018950499
leaf_weight=4959.8337341994047 1157.6632377021015
leaf_count=17980 7554
internal_value=0
internal_weight=0
internal_count=25534
is_linear=0
shrinkage=0.258447


Tree=51
num_leaves=1
num_cat=0
split_feature=
split_gain=
threshold=
decision_type=
left_child=
right_child=
leaf_value=0
leaf_weight=
leaf_count=
internal_value=
internal_weight=
internal_count=
is_linear=0
shrinkage=1


Tree=52
num_leaves=3
num_cat=0
split_feature=47 47
split_gain=13.5053 10.4631
threshold=-1.3066239316239314 0.43826219512195125
decision_type=8 10
left_child=-1 -2
right_child=1 -3
leaf_value=-0.05360888699950405 -0.00076907226567301059 0.048636021564245027
leaf_weight=261.30345954746008 7157.0397788397968 239.38458895683289
leaf_count=1565 23067 902
internal_value=0 0.000483422
internal_weight=0 7396.42
internal_count=25534 23969
is_linear=0
shrinkage=0.258447


Tree=53
num_leaves=4
num_cat=0
split_feature=38 19 38
split_gain=16.7449 24.4493 11.815
threshold=0.37500000000000017 0.3000000000000001 1.4127789046653147
decision_type=2 10 2
left_child=-1 2 -2
right_child=1 -3 -4
leaf_value=0.02337541635059812 0.02046820802847624 -0.027479671440170866 -0.016582930988864417
leaf_weight=1293.1737518012524 1723.7489570379257 2420.3019942753017 662.31994351372123
leaf_count=4048 6958 10027 4501
internal_value=0 -0.00894973 0.00792424
internal_weight=0 4806.37 2386.07
internal_count=25534 21486 11459
is_linear=0
shrinkage=0.258447


Tree=54
num_leaves=1
num_cat=0
split_feature=
split_gain=
threshold=
decision_type=
left_child=
right_child=
leaf_value=0
leaf_weight=
leaf_count=
internal_value=
internal_weight=
internal_count=
is_linear=0
shrinkage=1


Tree=55
num_leaves=3
num_cat=0
split_feature=37 29
split_gain=13.4863 8.74073
threshold=-1.5067567567567564 1.6026315789473689
decision_type=10 10
left_child=-1 -2
right_child=1 -3
leaf_value=0.053074676132894544 -0.0010276960455499848 -0.04249710437409078
leaf_weight=229.00454767793417 7085.7504147067666 325.00292081385851
leaf_count=1272 22297 1965
internal_value=0 -0.00383839
internal_weight=0 7410.75
internal_count=25534 24262
is_linear=0
shrinkage=0.258447


Tree=56
num_leaves=3
num_cat=0
split_feature=42 47
split_gain=14.7758 10.7557
threshold=1.0597147950089127 -1.5694980694980691
decision_type=10 8
left_child=1 -1
right_child=-2 -3
leaf_value=0.052671136508286261 -0.054727194990935951 -0.00038387461971468715
leaf_weight=206.19690655171871 274.43347450532019 5596.4634115882218
leaf_count=841 2797 21896
internal_value=0 0.00109586
internal_weight=0 5802.66
internal_count=25534 22737
is_linear=0
shrinkage=0.258447


Tree=57
num_leaves=1
num_cat=0
split_feature=
split_gain=
threshold=
decision_type=
left_child=
right_child=
leaf_value=0
leaf_weight=
leaf_count=
internal_value=
internal_weight=
internal_count=
is_linear=0
shrinkage=1


Tree=58
num_leaves=4
num_cat=0
split_feature=28 35 47
split_gain=12.3614 10.1278 8.58538
threshold=0.11834733893557411 -1.4530791788856303 -1.3066239316239314
decision_type=2 8 8
left_child=1 -1 -2
right_child=2 -3 -4
leaf_value=0.067367712775077179 -0.049464192396663838 0 -0.0020783757800807473
leaf_weight=242.60088408738375 232.49021477252245 332.77368788421154 6811.1721377372742
leaf_count=1344 1522 1128 21540
internal_value=0 0.0327024 -0.00474172
internal_weight=0 575.375 7043.66
internal_count=25534 2472 23062
is_linear=0
shrinkage=0.258447


Tree=59
num_leaves=2
num_cat=0
split_feature=37
split_gain=12.3185
threshold=0.33333333333333331
decision_type=8
left_child=-1
right_child=-2
leaf_value=-0.0050683086910782993 0.038912219421623456
leaf_weight=5662.7830297555774 395.6616607233882
leaf_count=24327 1207
internal_value=0
internal_weight=0
internal_count=25534
is_linear=0
shrinkage=0.258447


Tree=60
num_leaves=1
num_cat=0
split_feature=
split_gain=
threshold=
decision_type=
left_child=
right_child=
leaf_value=0
leaf_weight=
leaf_count=
internal_value=
internal_weight=
internal_count=
is_linear=0
shrinkage=1


Tree=61
num_leaves=4
num_cat=0
split_feature=13 35 35
split_gain=12.4204 13.7342 10.4962
threshold=0.3000000000000001 -0.63525498891352528 -0.16666666666666652
decision_type=8 8 8
left_child=2 -2 -1
right_child=1 -3 -4
leaf_value=0.023796827022341632 0.0022742089726722637 -0.02383384068175411 -0.0047387665453842527
leaf_weight=1804.2153742462397 2332.988461766392 2347.7696377970278 1114.8722382858396
leaf_count=5648 8065 7740 4081
internal_value=0 -0.00985429 0.0112743
internal_weight=0 4680.76 2919.09
internal_count=25534 15805 9729
is_linear=0
shrinkage=0.258447


Tree=62
num_leaves=3
num_cat=0
split_feature=38 19
split_gain=11.4048 12.7092
threshold=1.835585585585586 0.50000000000000011
decision_type=2 10
left_child=1 -1
right_child=-2 -3
leaf_value=0.0094849579317989891 -0.049204925720246435 -0.016527122885046687
leaf_weight=4075.8064864650369 259.95821081660688 1707.3228210955858
leaf_count=16882 2669 5983
internal_value=0 0.000836821
internal_weight=0 5783.13
internal_count=25534 22865
is_linear=0
shrinkage=0.258447


Tree=63
num_leaves=1
num_cat=0
split_feature=
split_gain=
threshold=
decision_type=
left_child=
right_child=
leaf_value=0
leaf_weight=
leaf_count=
internal_value=
internal_weight=
internal_count=
is_linear=0
shrinkage=1


Tree=64
num_leaves=2
num_cat=0
split_feature=13
split_gain=9.03485
threshold=1.0000000180025095e-35
decision_type=8
left_child=-1
right_child=-2
leaf_value=0.022791829879096812 -0.0046001184440000601
leaf_weight=837.95710779353976 6749.4253612533212
leaf_count=2891 22643
internal_value=0
internal_weight=0
internal_count=25534
is_linear=0
shrinkage=0.258447


Tree=65
num_leaves=1
num_cat=0
split_feature=
split_gain=
threshold=
decision_type=
left_child=
right_child=
leaf_value=0
leaf_weight=
leaf_count=
internal_value=
internal_weight=
internal_count=
is_linear=0
shrinkage=1


Tree=66
num_leaves=1
num_cat=0
split_feature=
split_gain=
threshold=
decision_type=
left_child=
right_child=
leaf_value=0
leaf_weight=
leaf_count=
internal_value=
internal_weight=
internal_count=
is_linear=0
shrinkage=1


Tree=67
num_leaves=1
num_cat=0
split_feature=
split_gain=
threshold=
decision_type=
left_child=
right_child=
leaf_value=0
leaf_weight=
leaf_count=
internal_value=
internal_weight=
internal_count=
is_linear=0
shrinkage=1


Tree=68
num_leaves=2
num_cat=0
split_feature=35
split_gain=9.70751
threshold=-0.87339743589743579
decision_type=8
left_child=-1
right_child=-2
leaf_value=-0.025958281992005425 0.0022588854811663116
leaf_weight=880.82960509322584 5164.5148188211024
leaf_count=6599 18935
internal_value=0
internal_weight=0
internal_count=25534
is_linear=0
shrinkage=0.258447


Tree=69
num_leaves=1
num_cat=0
split_feature=
split_gain=
threshold=
decision_type=
left_child=
right_child=
leaf_value=0
leaf_weight=
leaf_count=
internal_value=
internal_weight=
internal_count=
is_linear=0
shrinkage=1


Tree=70
num_leaves=1
num_cat=0
split_feature=
split_gain=
threshold=
decision_type=
left_child=
right_child=
leaf_value=0
leaf_weight=
leaf_count=
internal_value=
internal_weight=
internal_count=
is_linear=0
shrinkage=1


Tree=71
num_leaves=2
num_cat=0
split_feature=47
split_gain=8.92591
threshold=-1.5694980694980691
decision_type=8
left_child=-1
right_child=-2
leaf_value=0.045158194671646668 -0.0037487149978674686
leaf_weight=199.14945651590824 5835.4593240898103
leaf_count=841 24693
internal_value=0
internal_weight=0
internal_count=25534
is_linear=0
shrinkage=0.258447


Tree=72
num_leaves=1
num_cat=0
split_feature=
split_gain=
threshold=
decision_type=
left_child=
right_child=
leaf_value=0
leaf_weight=
leaf_count=
internal_value=
internal_weight=
internal_count=
is_linear=0
shrinkage=1


Tree=73
num_leaves=1
num_cat=0
split_feature=
split_gain=
threshold=
decision_type=
left_child=
right_child=
leaf_value=0
leaf_weight=
leaf_count=
internal_value=
internal_weight=
internal_count=
is_linear=0
shrinkage=1


Tree=74
num_leaves=2
num_cat=0
split_feature=37
split_gain=8.47117
threshold=0.33333333333333331
decision_type=8
left_child=-1
right_child=-2
leaf_value=-0.0040413044063547033 0.032516715608888094
leaf_weight=5628.9095234517008 393.9457820057869
leaf_count=24327 1207
internal_value=0
internal_weight=0
internal_count=25534
is_linear=0
shrinkage=0.258447


Tree=75
num_leaves=1
num_cat=0
split_feature=
split_gain=
threshold=
decision_type=
left_child=
right_child=
leaf_value=0
leaf_weight=
leaf_count=
internal_value=
internal_weight=
internal_count=
is_linear=0
shrinkage=1


Tree=76
num_leaves=2
num_cat=0
split_feature=28
split_gain=8.42071
threshold=0.11834733893557411
decision_type=2
left_child=-1
right_child=-2
leaf_value=0.026875597852961605 -0.0042149664622179901
leaf_weight=561.50194352120161 7022.2066052742302
leaf_count=2472 23062
internal_value=0
internal_weight=0
internal_count=25534
is_linear=0
shrinkage=0.258447


Tree=77
num_leaves=2
num_cat=0
split_feature=42
split_gain=9.0394
threshold=1.0597147950089127
decision_type=8
left_child=-1
right_child=-2
leaf_value=0.0011882308724938233 -0.043918124259552001
leaf_weight=5759.7879888340831 253.96917885914445
leaf_count=22732 2802
internal_value=0
internal_weight=0
internal_count=25534
is_linear=0
shrinkage=0.258447


Tree=78
num_leaves=2
num_cat=0
split_feature=4
split_gain=13.2783
threshold=0.84731934731934744
decision_type=8
left_child=-1
right_child=-2
leaf_value=0.024237672143162827 -0.0029422485546480885
leaf_weight=1411.4529349654913 5735.652439661324
leaf_count=5461 20073
internal_value=0
internal_weight=0
internal_count=25534
is_linear=0
shrinkage=0.258447


Tree=79
num_leaves=1
num_cat=0
split_feature=
split_gain=
threshold=
decision_type=
left_child=
right_child=
leaf_value=0
leaf_weight=
leaf_count=
internal_value=
internal_weight=
internal_count=
is_linear=0
shrinkage=1


Tree=80
num_leaves=2
num_cat=0
split_feature=19
split_gain=9.05748
threshold=0.3000000000000001
decision_type=8
left_child=-1
right_child=-2
leaf_value=0.013365517692534653 -0.0078915778798117828
leaf_weight=1875.7585294097662 4132.6624001562595
leaf_count=8858 16676
internal_value=0
internal_weight=0
internal_count=25534
is_linear=0
shrinkage=0.258447


Tree=81
num_leaves=1
num_cat=0
split_feature=
split_gain=
threshold=
decision_type=
left_child=
right_child=
leaf_value=0
leaf_weight=
leaf_count=
internal_value=
internal_weight=
internal_count=
is_linear=0
shrinkage=1


Tree=82
num_leaves=2
num_cat=0
split_feature=1
split_gain=9.87226
threshold=0.34698996655518399
decision_type=8
left_child=-1
right_child=-2
leaf_value=0.018977836212072646 -0.0053924081255740672
leaf_weight=1267.9641447588801 6310.05110540241
leaf_count=4408 21126
internal_value=0
internal_weight=0
internal_count=25534
is_linear=0
shrinkage=0.258447


Tree=83
num_leaves=1
num_cat=0
split_feature=
split_gain=
threshold=
decision_type=
left_child=
right_child=
leaf_value=0
leaf_weight=
leaf_count=
internal_value=
internal_weight=
internal_count=
is_linear=0
shrinkage=1


Tree=84
num_leaves=1
num_cat=0
split_feature=
split_gain=
threshold=
decision_type=
left_child=
right_child=
leaf_value=0
leaf_weight=
leaf_count=
internal_value=
internal_weight=
internal_count=
is_linear=0
shrinkage=1


Tree=85
num_leaves=2
num_cat=0
split_feature=32
split_gain=9.27553
threshold=1.0635080645161292
decision_type=10
left_child=-1
right_child=-2
leaf_value=0.001184479448903849 -0.037854861308222673
leaf_weight=7212.3488757014275 370.73629976063967
leaf_count=23325 2209
internal_value=0
internal_weight=0
internal_count=25534
is_linear=0
shrinkage=0.258447


Tree=86
num_leaves=1
num_cat=0
split_feature=
split_gain=
threshold=
decision_type=
left_child=
right_child=
leaf_value=0
leaf_weight=
leaf_count=
internal_value=
internal_weight=
internal_count=
is_linear=0
shrinkage=1


Tree=87
num_leaves=1
num_cat=0
split_feature=
split_gain=
threshold=
decision_type=
left_child=
right_child=
leaf_value=0
leaf_weight=
leaf_count=
internal_value=
internal_weight=
internal_count=
is_linear=0
shrinkage=1


Tree=88
num_leaves=1
num_cat=0
split_feature=
split_gain=
threshold=
decision_type=
left_child=
right_child=
leaf_value=0
leaf_weight=
leaf_count=
internal_value=
internal_weight=
internal_count=
is_linear=0
shrinkage=1


Tree=89
num_leaves=2
num_cat=0
split_feature=38
split_gain=9.83334
threshold=0.072299651567944268
decision_type=2
left_child=-1
right_child=-2
leaf_value=0.029848100531113971 -0.0044878264766819997
leaf_weight=558.03560391068459 5451.8834700267762
leaf_count=1856 23678
internal_value=0
internal_weight=0
internal_count=25534
is_linear=0
shrinkage=0.258447


Tree=90
num_leaves=2
num_cat=0
split_feature=4
split_gain=8.91072
threshold=0.84731934731934744
decision_type=8
left_child=-1
right_child=-2
leaf_value=0.019392043995315342 -0.0027808602145120722
leaf_weight=1429.6614111736417 5730.7713947072625
leaf_count=5461 20073
internal_value=0
internal_weight=0
internal_count=25534
is_linear=0
shrinkage=0.258447


Tree=91
num_leaves=1
num_cat=0
split_feature=
split_gain=
threshold=
decision_type=
left_child=
right_child=
leaf_value=0
leaf_weight=
leaf_count=
internal_value=
internal_weight=
internal_count=
is_linear=0
shrinkage=1


Tree=92
num_leaves=1
num_cat=0
split_feature=
split_gain=
threshold=
decision_type=
left_child=
right_child=
leaf_value=0
leaf_weight=
leaf_count=
internal_value=
internal_weight=
internal_count=
is_linear=0
shrinkage=1


end of trees

feature_importances:
down5_A=26
down5_H=25
top2_H=22
down3_H=22
top4_H=18
top3_A=17
top1_H=12
top2_A=12
down4_A=12
top3_H=10
top4_A=10
down3_A=10
top5_A=9
top1_A=7
st_Win_A=6
top5_H=5
down2_H=5
st_Win_H=4
down1_H=4
down1_A=4
down2_A=4
down4_H=3
lt_FTG_rival_mean_H=2
st_FTG_mean_A=2
rate_away=2
rounds=2
lt_Win_H=1
lt_FTG_mean_H=1
lt_FTG_rival_std_H=1

parameters:
[boosting: gbdt]
[objective: multiclass]
[metric: multi_logloss]
[tree_learner: serial]
[device_type: cpu]
[data_sample_strategy: bagging]
[data: ]
[valid: ]
[num_iterations: 100]
[learning_rate: 0.258447]
[num_leaves: 705]
[num_threads: 6]
[seed: 0]
[deterministic: 0]
[force_col_wise: 0]
[force_row_wise: 0]
[histogram_pool_size: -1]
[max_depth: 25]
[min_data_in_leaf: 750]
[min_sum_hessian_in_leaf: 0.001]
[bagging_fraction: 0.4]
[pos_bagging_fraction: 1]
[neg_bagging_fraction: 1]
[bagging_freq: 0]
[bagging_seed: 3]
[feature_fraction: 0.2]
[feature_fraction_bynode: 1]
[feature_fraction_seed: 2]
[extra_trees: 0]
[extra_seed: 6]
[early_stopping_round: 0]
[first_metric_only: 0]
[max_delta_step: 0]
[lambda_l1: 20]
[lambda_l2: 55]
[linear_lambda: 0]
[min_gain_to_split: 8.14877]
[drop_rate: 0.1]
[max_drop: 50]
[skip_drop: 0.5]
[xgboost_dart_mode: 0]
[uniform_drop: 0]
[drop_seed: 4]
[top_rate: 0.2]
[other_rate: 0.1]
[min_data_per_group: 100]
[max_cat_threshold: 32]
[cat_l2: 10]
[cat_smooth: 10]
[max_cat_to_onehot: 4]
[top_k: 20]
[monotone_constraints: ]
[monotone_constraints_method: basic]
[monotone_penalty: 0]
[feature_contri: ]
[forcedsplits_filename: ]
[refit_decay_rate: 0.9]
[cegb_tradeoff: 1]
[cegb_penalty_split: 0]
[cegb_penalty_feature_lazy: ]
[cegb_penalty_feature_coupled: ]
[path_smooth: 0]
[interaction_constraints: ]
[verbosity: 1]
[saved_feature_importance_type: 0]
[use_quantized_grad: 0]
[num_grad_quant_bins: 4]
[quant_train_renew_leaf: 0]
[stochastic_rounding: 1]
[linear_tree: 0]
[max_bin: 255]
[max_bin_by_feature: ]
[min_data_in_bin: 3]
[bin_construct_sample_cnt: 200000]
[data_random_seed: 1]
[is_enable_sparse: 1]
[enable_bundle: 1]
[use_missing: 1]
[zero_as_missing: 0]
[feature_pre_filter: 1]
[pre_partition: 0]
[two_round: 0]
[header: 0]
[label_column: ]
[weight_column: ]
[group_column: ]
[ignore_column: ]
[categorical_feature: ]
[forcedbins_filename: ]
[precise_float_parser: 0]
[parser_config_file: ]
[objective_seed: 5]
[num_class: 3]
[is_unbalance: 0]
[scale_pos_weight: 1]
[sigmoid: 1]
[boost_from_average: 1]
[reg_sqrt: 0]
[alpha: 0.9]
[fair_c: 1]
[poisson_max_delta_step: 0.7]
[tweedie_variance_power: 1.5]
[lambdarank_truncation_level: 30]
[lambdarank_norm: 1]
[label_gain: ]
[lambdarank_position_bias_regularization: 0]
[eval_at: ]
[multi_error_top_k: 1]
[auc_mu_weights: ]
[num_machines: 1]
[local_listen_port: 12400]
[time_out: 120]
[machine_list_filename: ]
[machines: ]
[gpu_platform_id: -1]
[gpu_device_id: -1]
[gpu_use_dp: 0]
[num_gpu: 1]

end of parameters

pandas_categorical:[]
